6975961100895734867
-3552138639295569910
-2338765300854668697
8320020655421916815
-3016023769694265449
7688514001445687543
-3081407334321189244
8687781643764593303
-7277612801054218229
-6236747152428282060
-581003357789057025
2299988283574896857
-8571698239989356264
8392759488249337579
1206038170292065322
5507002917123947130
3087235952333876889
-1022330547544316967
-5672991541102902261
1881008658542386543
4778704610033493856
-8975847149621604401
6308563742821099230
-7341615979147300089
6979627417328177072
5807936666328957237
-8424836868521216879
-4813792092803498402
-6310724103284331580
-3410624815201113726
837855771234809927
-7338914446104696085
-4545100014652927417
9014490499837891525
2458135817646392022
-8050824148046216461
5316320873566488282
482778411195843359
-1976747166320530103
2291360866022028819
-7827028521247644526
2903385264339263815
-4170687598321652898
-5415170051990933574
4093468573704820856
8604477929335962884
2046933878257217032
822190645217164716
5058829429479566343
7040176184820816054
6624188005711484398
4992964525313197696
-831781553861320784
-2588170348521404210
-5966058939626179094
4984385938956193827
-6399354909230656167
2802662505077056082
2649677865361745292
7214624746366047827
-4161060512918009126
8112233824668891482
6367924384875963285
2394677529954562341
4619668317185877119
1052555997295538069
4891184299579099260
-199660863830078592
-80701906517473399
8840619100191412933
8127043846203476204
5636365228081949088
6768447562052977837
4649224136769866558
1970257815779117124
8786978052117577620
-5025872354741366125
-8173126102008325525
-6871062464093816042
-5825559273991153729
-8356726207598765992
3075224468514564426
-2792628458349241944
-1655052742943209126
1449879613698803724
2406926921608898283
2602563436868149878
-4485870307703947535
-8328770840809486027
-6518919671459907852
-3599563908676195154
6597481614633012450
-706911318087666869
4257049449339940896
3583849474668055218
8221162356218992609
1585300748579067962
8621689852244224699
7295784891870248090
8622006456784309111
