-8964385550513164812
-8955205730420115259
-8862231219786098223
-8648774413009234687
-8646734450720761492
-8476343755093331480
-8302205094316788862
-8054529430857730728
-7992073641756349096
-7751343070840433462
-7697535505682501383
-7642524764871565302
-7252912641199895284
-7251777602468802548
-6876134817275021581
-6861601357414976362
-6848173433542987203
-6657841163233084244
-6655473036987825941
-6570522641972679183
-6565607306873996802
-6335522882811818656
-6051225193324290368
-5741471391391365601
-5086385626523797400
-5019882144473963249
-4362148010862296833
-4358154476346700425
-4287886568833024020
-3995189811130012711
-3978320010616693388
-3717686790322719926
-3589795830520945178
-3499744372527830057
-3218607702066458270
-3078198315539665115
-2978800628649941757
-2772765592385907140
-2736613951135376192
-2600017889858342257
-2488686844309525385
-2487863612769784289
-2348567222232033531
-2117933055715744217
-2021391436196989445
-1947597997110042069
-1615132173000898548
-1508836720427535122
-1483492375541352473
-1389561503881221468
-1317757558675478499
-1248361817909786330
-1173277044714069542
-752130839270185734
-743897413121855406
-210142354451918636
83230604226060225
133440178241181818
252330675509476115
423627159200535967
522916416284730486
530970907550693795
666931459635510555
1102593425842675036
1465899042270593718
2092028229000242963
2103757226558841119
2140966266544736275
2236986486131832138
2238211381770059601
2248896366008126194
2605188123888239991
2747615735271704443
3456191317674547357
3577428056492230275
3745921223607271538
4007621546747189356
4137193985859337568
4637786253597771926
4951827937670604254
5130802951711125643
5314108482499448292
5431280851107325476
5686619670076893942
6357761407007738350
6651913802252530785
6720159421028462094
6752757386423830933
7443476777438326158
7477512556603006533
7553728584798288761
8061812029252854929
8069925807125542671
8108138331588266758
8363762397939687623
8485457296418840449
8611858182187260447
8999446060224881033
9099506445880938925
9212258993671951459
