-3401691446161068259
2582441844722351545
-2192443955619332882
7930335802501441511
7339122465976607637
2128871635523067341
-8669121428610584076
6154937905486873396
-7277666719402881145
940600114756396056
4366778249750520537
5657650641805050419
3124100028157668153
7709761283099207635
3323992257691173293
4037423007314088948
-6070381169269525209
-7292462396664310902
-4940732254047554058
5739935884235906077
876777129793242239
9064374475997461403
-188686449573374164
-6403062350729531031
1281914222127836067
7961797035252384954
-4868975007587174597
7971369876083551268
-7026172422188864853
-8654185178898294160
2283100430442446084
1467452767376262321
-2711618731140632096
-646406485483719273
7285067284737019611
8647456687925199364
6665197344096269378
-649574680063331616
4539936953153375498
3890683380013987881
4627625528235624963
161194302975523149
532644736865180749
6760307892771804859
-6016230030835981558
-5333277953379684169
-3048187590758334379
-4888852155392702611
-5531360040582821519
-2396165544192358327
-6342796883743734203
4619593967307791493
-7605446892876418040
2848262462842817795
4373240508218457912
-1648542251706626212
8209453628737808592
-1207271147047448520
-1256375013758219591
1818301348159999711
-29182186614673536
-2719816125288735216
-2293486700824645304
2146073432777694737
-5933007699483143166
-3449824013820083193
665336143427866332
4520861289816932999
-8826255970341062409
4038501430132270956
4885472491193699676
-6109112935224540438
8261476397464238639
8107036805327563747
5459597892403113765
2875926477086684537
5861721973470764851
-5684262335693952541
-4652640175301334649
8823263820298903172
-3695670061091168837
-4634323463017761479
-7781193254503215288
3094965833205276402
8959471964482497592
2595112852827353987
2115709651065244447
6578393727725499068
-2176261188459207605
-3464022815520226634
-4881065082517788102
2435349096093794159
-2407917488710732468
-8969992191138041959
-9001758806763292999
822046827195970222
-339796023048886588
-8093024333171016632
-6584391408528743888
2852463763137392814
